<?xml version="1.0"?>
<opencv_storage>
<Date>"Wed Nov  7 18:08:52 2018&#x0a;"</Date>
<name>KDK</name>
<age>25</age>
<Images>
  Apple.jpg Banana.jpg Orange.jpg</Images>
<Box>
  <Left>100</Left>
  <Top>200</Top>
  <Right>300</Right>
  <Bottom>400</Bottom></Box>
<V1>
  1 2 3 4 5 6 7 8 9</V1>
<angle>45.</angle>
<scale>10.</scale>
<center>
  256. 256.</center>
<matR type_id="opencv-matrix">
  <rows>2</rows>
  <cols>3</cols>
  <dt>d</dt>
  <data>
    7.0710678118654755e+00 7.0710678118654746e+00
    -3.3643867196751235e+03 -7.0710678118654746e+00
    7.0710678118654755e+00 2.5599999999999977e+02</data></matR>
</opencv_storage>
